0 1 59
1 0 59
0 2 82
2 0 82
0 3 50
3 0 50
0 4 80
4 0 80
0 6 165
6 0 165
0 36 1
36 0 1
1 2 66
2 1 66
1 3 40
3 1 40
1 6 180
6 1 180
2 3 90
3 2 90
2 4 139
4 2 139
2 5 74
5 2 74
2 9 61
9 2 61
2 10 142
10 2 142
3 4 92
4 3 92
3 5 81
5 3 81
3 8 91
8 3 91
4 5 121
5 4 121
4 7 429
7 4 429
4 8 77
8 4 77
4 9 72
9 4 72
4 11 148
11 4 148
4 18 359
18 4 359
4 21 116
21 4 116
4 23 66
23 4 66
4 29 100
29 4 100
4 32 94
32 4 94
4 35 121
35 4 121
4 43 463
43 4 463
4 44 159
44 4 159
5 6 366
6 5 366
5 7 456
7 5 456
5 11 126
11 5 126
5 12 305
12 5 305
5 13 242
13 5 242
5 14 43
14 5 43
5 28 13
28 5 13
5 44 124
44 5 124
6 7 686
7 6 686
6 10 150
10 6 150
6 18 337
18 6 337
6 19 175
19 6 175
6 24 87
24 6 87
6 26 103
26 6 103
6 27 78
27 6 78
6 28 5
28 6 5
6 34 127
34 6 127
6 45 992
45 6 992
7 8 70
8 7 70
7 9 51
9 7 51
7 10 188
10 7 188
7 11 139
11 7 139
7 12 382
12 7 382
7 13 297
13 7 297
7 14 47
14 7 47
7 15 47
15 7 47
7 18 455
18 7 455
7 19 161
19 7 161
7 20 78
20 7 78
7 21 114
21 7 114
7 23 49
23 7 49
7 24 111
24 7 111
7 26 140
26 7 140
7 27 85
27 7 85
7 30 202
30 7 202
7 31 269
31 7 269
7 33 218
33 7 218
7 34 142
34 7 142
7 35 120
35 7 120
7 43 533
43 7 533
11 12 262
12 11 262
11 13 236
13 11 236
11 17 15
17 11 15
11 29 111
29 11 111
13 14 83
14 13 83
13 15 86
15 13 86
13 16 33
16 13 33
13 17 33
17 13 33
13 20 65
20 13 65
13 28 5
28 13 5
13 33 215
33 13 215
14 15 61
15 14 61
14 16 16
16 14 16
14 17 21
17 14 21
15 16 15
16 15 15
18 19 373
19 18 373
18 20 75
20 18 75
18 22 74
22 18 74
18 23 47
23 18 47
18 24 92
24 18 92
18 25 221
25 18 221
18 26 96
26 18 96
18 27 89
27 18 89
18 29 110
29 18 110
18 30 181
30 18 181
18 31 234
31 18 234
18 34 132
34 18 132
18 35 127
35 18 127
18 43 566
43 18 566
18 45 1162
45 18 1162
19 36 1
36 19 1
19 37 1
37 19 1
20 21 127
21 20 127
20 22 125
22 20 125
21 22 74
22 21 74
23 25 181
25 23 181
24 25 197
25 24 197
28 36 1
36 28 1
28 37 1
37 28 1
28 38 1
38 28 1
29 30 179
30 29 179
30 31 243
31 30 243
30 32 112
32 30 112
31 32 152
32 31 152
31 33 241
33 31 241
36 37 1
37 36 1
36 38 2
38 36 2
36 39 2
39 36 2
36 40 3
40 36 3
37 38 1
38 37 1
37 39 2
39 37 2
37 41 3
41 37 3
38 39 2
39 38 2
38 40 3
40 38 3
38 41 3
41 38 3
38 42 2
42 38 2
39 40 3
40 39 3
39 42 3
42 39 3
40 41 3
41 40 3
41 42 3
42 41 3
43 44 188
44 43 188
43 45 1357
45 43 1357
